StartTime: 2023-09-28 14:35:10.805
address	Time(s)	ax(g)	ay(g)	az(g)	wx(deg/s)	wy(deg/s)	wz(deg/s)	AngleX(deg)	AngleY(deg)	AngleZ(deg)	T(°)	hx	hy	hz	Pressure(Pa)	Altitude(m)
0x50	 14:35:10.805	-8,9355	5,9277	0,9766	-90,3320	308,8379	26,8555	77,5580	59,8975	-81,5570	35,65	3490	-5101	-1617	101617	-24,28
0x50	 14:35:10.915	-10,0000	5,3418	0,6836	-294,1895	321,0449	-39,0625	80,8978	60,5237	-74,5367	35,64	3561	-5058	-1557	101617	-24,28
0x50	 14:35:11.008	-10,3613	5,0781	0,8838	-82,3975	212,4023	12,8174	83,7103	60,8917	-69,1699	35,66	3657	-5006	-1582	101617	-24,28
0x50	 14:35:11.118	-9,7949	5,2686	0,8838	0,6104	-1,2207	-50,6592	84,9738	61,4246	-67,5439	35,67	3762	-4972	-1540	101617	-24,28
0x50	 14:35:11.212	-10,0488	5,6445	0,5225	249,0234	-244,7510	-103,1494	83,3533	62,0508	-71,0706	35,67	3817	-4967	-1519	101617	-24,28
0x50	 14:35:11.305	-9,3408	5,7910	1,2744	91,5527	-126,9531	-34,7900	81,5350	62,3804	-75,9650	35,64	3840	-5007	-1466	101617	-24,28
0x50	 14:35:11.415	-9,5166	5,4248	1,3135	-96,4355	12,8174	-43,3350	79,7058	62,5012	-77,2943	35,70	3849	-4964	-1495	101617	-24,28
0x50	 14:35:11.508	-9,6973	5,2197	1,8066	160,5225	42,7246	97,6563	80,7880	61,8695	-76,4868	35,64	3817	-4968	-1486	101617	-24,28
0x50	 14:35:11.618	-9,0430	5,6201	1,4697	-175,1709	112,9150	197,7539	82,4634	60,2985	-75,2728	35,69	3697	-5069	-1373	101617	-24,28
0x50	 14:35:11.727	-11,0498	6,0059	-0,8398	-106,2012	-358,2764	-223,3887	78,7555	60,1776	-77,3053	35,67	3614	-5029	-1494	101617	-24,28
0x50	 14:35:11.805	-8,5254	5,0439	1,0840	363,1592	-407,1045	-311,2793	72,8668	61,8530	-86,9843	35,67	3651	-4902	-1602	101617	-24,28
0x50	 14:35:11.914	-10,4785	4,6045	0,0195	-53,7109	-185,5469	-189,8193	67,7582	63,3252	-92,9718	35,67	3724	-4746	-1673	101617	-24,28
0x50	 14:35:12.008	-10,3711	4,3604	0,8643	409,5459	-40,2832	-51,8799	67,5879	64,0942	-94,9438	35,66	3745	-4646	-1658	101617	-24,28
0x50	 14:35:12.133	-11,7334	5,9766	0,8301	150,1465	54,9316	-26,2451	72,3450	64,5227	-93,1696	35,67	3709	-4664	-1410	101617	-24,28
0x50	 14:35:12.211	-10,3223	6,0059	2,1533	444,3359	-125,7324	-12,2070	74,9103	64,4293	-93,4058	35,67	3671	-4629	-1219	101616	-24,19
0x50	 14:35:12.305	-7,9102	4,7021	2,0410	406,4941	-156,8604	154,4189	75,7343	63,2318	-96,5424	35,66	3581	-4633	-1053	101616	-24,19
0x50	 14:35:12.414	-9,3701	5,3516	1,8213	169,0674	-87,2803	74,4629	76,3605	61,4905	-99,0198	35,67	3405	-4674	-911	101617	-24,28
0x50	 14:35:12.508	-9,0479	5,4785	2,4902	-123,2910	98,2666	-34,1797	76,6681	61,0455	-99,8547	35,68	3282	-4621	-851	101617	-24,28
0x50	 14:35:12.617	-9,2236	4,6826	1,9873	58,5938	119,6289	-34,7900	76,7230	61,6278	-98,6243	35,66	3273	-4509	-890	101617	-24,28
0x50	 14:35:12.711	-8,8184	5,6689	2,8223	76,9043	244,7510	-73,8525	79,9585	62,4408	-96,2567	35,66	3282	-4415	-792	101617	-24,28
0x50	 14:35:12.805	-8,9990	6,0059	2,1973	-418,0908	349,1211	12,2070	82,8864	62,8418	-90,9064	35,69	3300	-4296	-756	101617	-24,28
0x50	 14:35:12.914	-11,8604	7,2314	1,4404	-302,1240	-92,7734	-15,2588	80,8374	62,3584	-91,2250	35,65	3292	-4216	-833	101617	-24,28
0x50	 14:35:13.008	-10,9668	3,5791	0,9961	-443,1152	-128,1738	210,5713	73,6743	61,0730	-93,5376	35,66	3219	-4060	-1237	101616	-24,19
0x50	 14:35:13.117	-9,7852	4,7607	-0,4004	-275,2686	-167,2363	291,7480	70,3894	58,2330	-93,4662	35,67	3034	-4007	-1583	101616	-24,19
0x50	 14:35:13.211	-9,4434	4,8193	-0,2344	157,4707	-237,4268	90,9424	68,6371	56,3104	-94,6472	35,65	2854	-3978	-1813	101617	-24,28
0x50	 14:35:13.305	-9,8828	4,4385	0,5713	-173,9502	81,1768	16,4795	68,3130	56,4148	-93,4991	35,68	2787	-3932	-1906	101616	-24,19
0x50	 14:35:13.411	-9,9805	5,1318	0,6396	-343,6279	314,9414	-70,1904	69,4336	58,1232	-87,7588	35,65	2861	-3756	-2002	101616	-24,19
0x50	 14:35:13.505	-9,4580	4,8975	1,3965	-345,4590	344,2383	-49,4385	70,8838	60,3809	-79,7717	35,69	3060	-3488	-2069	101617	-24,28
0x50	 14:35:13.614	-10,2051	6,6406	1,9727	-274,6582	280,7617	-56,7627	74,3610	61,4246	-71,2079	35,69	3240	-3263	-2040	101617	-24,28
0x50	 14:35:13.708	-9,1309	6,8750	2,5928	-474,8535	142,2119	55,5420	73,5150	62,0508	-67,5824	35,67	3424	-3035	-2083	101617	-24,28
0x50	 14:35:13.817	-9,7803	5,1807	1,5234	-42,1143	-108,6426	224,6094	70,9882	60,0293	-63,1439	35,64	3477	-2815	-2226	101616	-24,19
0x50	 14:35:13.911	-9,3164	6,3623	1,9043	-468,1396	106,2012	198,9746	70,0214	57,6178	-61,3531	35,67	3456	-2787	-2261	101617	-24,28
0x50	 14:35:14.005	-8,7500	6,0645	0,5811	-1069,9463	490,7227	162,9639	67,7692	57,0081	-52,0313	35,68	3593	-2552	-2367	101617	-24,28
0x50	 14:35:14.114	-9,1309	5,8105	0,4443	-1126,0986	587,1582	90,9424	65,8685	58,1177	-39,3311	35,66	3882	-2090	-2374	101617	-24,28
0x50	 14:35:14.208	-9,7998	5,6885	0,3320	-1402,5879	690,3076	88,5010	64,7424	60,3149	-24,3402	35,67	4248	-1590	-2201	101617	-24,28
0x50	 14:35:14.317	-9,8389	4,5068	-0,1318	-1354,3701	580,4443	205,0781	64,0173	61,9080	-7,9816	35,70	4540	-1158	-1967	101617	-24,28
0x50	 14:35:14.411	-10,1318	5,4688	-1,1914	-927,1240	256,9580	50,0488	63,6438	62,3969	5,1416	35,69	4687	-848	-1734	101617	-24,28
0x50	 14:35:14.505	-10,1416	5,6104	-0,4199	-614,6240	62,2559	-217,8955	59,1779	64,1382	8,1189	35,68	4695	-479	-1649	101617	-24,28
0x50	 14:35:14.614	-10,4004	4,5166	-0,2686	-1130,3711	264,8926	-3,0518	53,0640	66,6266	11,9696	35,71	4669	44	-1538	101617	-24,28
0x50	 14:35:14.708	-11,2939	4,4092	0,1563	-870,3613	429,0771	291,7480	54,8712	67,5439	24,0710	35,68	4719	405	-1234	101617	-24,28
0x50	 14:35:14.817	-10,0635	5,0342	1,1377	-1022,9492	639,0381	535,8887	64,5996	66,5717	44,2255	35,70	4838	402	-732	101617	-24,28
0x50	 14:35:14.911	-10,2490	5,5762	-0,1318	-756,2256	439,4531	316,1621	72,5592	64,3414	63,1274	35,69	4967	225	-183	101617	-24,28
0x50	 14:35:15.020	-10,1514	5,2539	1,7139	-277,7100	162,9639	16,4795	73,7402	63,8196	71,1749	35,67	5029	153	147	101616	-24,19
0x50	 14:35:15.114	-11,0400	3,9307	1,5039	-632,9346	78,7354	103,1494	72,3230	63,8745	76,2396	35,67	5074	158	308	101616	-24,19
0x50	 14:35:15.223	-9,3994	3,7842	1,8555	-117,7979	-42,7246	135,4980	69,8785	62,6990	78,9148	35,70	5097	110	338	101616	-24,19
0x50	 14:35:15.317	-8,4033	5,3857	1,9727	-344,2383	73,2422	6,7139	68,5107	62,1442	80,1727	35,72	5121	78	314	101616	-24,19
0x50	 14:35:15.426	-9,7266	4,6436	1,2354	-507,8125	157,4707	-52,4902	65,8630	62,8693	83,3313	35,70	5128	145	396	101616	-24,19
0x50	 14:35:15.504	-9,8193	4,4287	1,6846	-85,4492	140,3809	-22,5830	65,3247	63,6493	86,6327	35,69	5148	206	528	101617	-24,28
0x50	 14:35:15.629	-8,9551	5,2002	2,0166	-207,5195	243,5303	1,2207	67,9175	64,4623	91,4557	35,66	5135	247	702	101616	-24,19
0x50	 14:35:15.707	-8,9648	4,9365	2,0215	-14,0381	111,0840	-27,4658	70,2576	65,0500	96,1633	35,67	5118	295	897	101616	-24,19
0x50	 14:35:15.832	-9,9414	5,6494	1,7920	171,5088	1,8311	15,2588	71,6364	64,9127	97,1191	35,66	5101	358	966	101617	-24,28
0x50	 14:35:15.910	-12,5684	6,8896	1,3574	38,4521	-41,5039	-146,4844	71,7627	65,2808	96,6467	35,67	5077	481	940	101617	-24,28
0x50	 14:35:16.004	-8,3643	4,3018	1,8652	-159,3018	128,7842	386,3525	72,2955	63,7537	98,8330	35,74	5116	470	915	101616	-24,19
0x50	 14:35:16.114	-12,1777	2,5879	-0,6934	16,4795	-178,2227	502,9297	71,7133	59,7711	102,2607	35,74	5163	146	936	101617	-24,28
0x50	 14:35:16.207	-9,5264	5,0977	0,6787	384,5215	-144,6533	397,9492	76,7505	55,4041	101,5741	35,68	5249	-212	744	101617	-24,28
0x50	 14:35:16.317	-9,7656	4,2236	0,4053	146,4844	-92,7734	185,5469	78,2611	53,1079	101,3763	35,72	5274	-475	584	101617	-24,28
0x50	 14:35:16.410	-9,3213	5,1611	-0,6934	519,4092	-344,2383	-248,4131	79,3268	53,7396	98,1464	35,72	5304	-502	394	101617	-24,28
0x50	 14:35:16.504	-9,4678	5,9863	-0,1758	997,3145	-674,4385	-722,0459	78,9093	58,2001	86,9128	35,69	5303	-136	-24	101617	-24,28
0x50	 14:35:16.613	-14,1211	5,9766	-0,2588	1070,5566	-875,8545	-816,0400	71,6034	63,9569	67,4121	35,72	5197	436	-797	101617	-24,28
0x50	 14:35:16.707	-10,3125	6,1963	3,2617	1328,7354	-464,4775	-464,4775	66,5332	67,3462	44,0717	35,72	4944	659	-1813	101617	-24,28
0x50	 14:35:16.816	-8,2520	4,8389	0,8203	416,8701	-3,6621	-29,9072	69,6094	68,1482	39,1937	35,70	4874	484	-2333	101617	-24,28
0x50	 14:35:16.910	-9,8242	3,8818	1,3281	1250,6104	-316,7725	-68,3594	73,1415	67,9395	34,3323	35,70	4895	152	-2634	101617	-24,28
0x50	 14:35:17.004	-10,3760	4,8438	2,8613	960,0830	-234,9854	-116,5771	76,7340	68,0273	25,4883	35,68	4828	-444	-2977	101617	-24,28
0x50	 14:35:17.113	-9,3506	4,3701	0,9619	1176,1475	-506,5918	-177,6123	76,5033	68,3844	14,6338	35,66	4731	-1006	-3176	101617	-24,28
0x50	 14:35:17.207	-9,7803	5,1416	1,6113	1309,8145	-667,7246	-332,0313	71,5100	68,8843	-4,3011	35,68	4544	-1667	-3402	101617	-24,28
0x50	 14:35:17.316	-8,8721	5,6006	2,1680	822,1436	-348,5107	-396,7285	66,2531	69,8346	-21,8079	35,67	4334	-2256	-3513	101616	-24,19
0x50	 14:35:17.410	-8,7549	5,0049	1,6602	319,2139	-97,6563	-393,6768	61,3531	72,0374	-31,8054	35,70	4328	-2483	-3495	101617	-24,28
0x50	 14:35:17.504	-9,7168	5,3271	2,6514	874,6338	-49,4385	-128,7842	61,7926	72,8888	-38,2654	35,69	4334	-2645	-3355	101617	-24,28
0x50	 14:35:17.613	-10,0244	5,4736	2,8613	397,9492	42,7246	159,9121	68,0328	72,1857	-37,7051	35,69	4294	-3011	-3048	101617	-24,28
0x50	 14:35:17.707	-12,0020	4,7656	1,4111	514,5264	-104,3701	507,2021	74,1138	68,1427	-35,3375	35,66	4049	-3359	-2812	101617	-24,28
0x50	 14:35:17.832	-9,7412	4,2480	1,2646	1128,5400	-267,3340	632,3242	79,3103	62,3145	-38,4576	35,69	3581	-3903	-2468	101617	-24,28
0x50	 14:35:17.910	-9,4727	5,6543	0,0000	545,6543	-294,7998	491,3330	85,0507	56,2170	-42,9236	35,68	3011	-4536	-1952	101617	-24,28
0x50	 14:35:18.004	-8,9600	6,0547	0,5762	883,7891	-540,1611	-51,2695	86,1768	53,6737	-50,9161	35,71	2548	-4909	-1542	101617	-24,28
0x50	 14:35:18.113	-8,5303	6,2744	0,4932	512,6953	-541,3818	-250,8545	85,0781	55,0250	-60,8478	35,68	2452	-5060	-1187	101617	-24,28
0x50	 14:35:18.207	-9,4482	7,8027	0,3174	255,7373	-567,0166	-479,1260	80,8594	57,6343	-72,8613	35,67	2519	-5027	-949	101617	-24,28
0x50	 14:35:18.316	-11,6895	6,5332	1,1816	579,2236	-635,3760	-458,3740	72,7240	61,0840	-86,7480	35,68	2780	-4846	-943	101617	-24,28
0x50	 14:35:18.410	-9,8486	7,3340	2,2217	612,7930	-421,1426	-291,7480	68,6151	62,3584	-99,4702	35,69	2970	-4701	-769	101616	-24,19
0x50	 14:35:18.504	-7,2266	5,5420	1,8652	272,2168	-192,2607	234,3750	67,9449	60,6665	-105,1007	35,71	2975	-4635	-667	101616	-24,19
0x50	 14:35:18.613	-10,2148	5,4297	2,2314	732,4219	-3,6621	460,8154	74,0094	55,9149	-104,3152	35,68	2652	-4775	-450	101616	-24,19
0x50	 14:35:18.707	-7,3291	7,1533	1,3232	272,2168	255,7373	302,7344	82,0679	51,9159	-100,5304	35,67	2269	-4944	-66	101616	-24,19
0x50	 14:35:18.816	-7,3584	8,0225	1,3281	119,6289	103,1494	19,5313	84,8859	50,7294	-99,1132	35,67	2068	-4975	105	101616	-24,19
0x50	 14:35:18.910	-7,3291	8,0615	0,9180	-133,0566	92,1631	-162,3535	85,0342	51,3062	-98,9099	35,68	2076	-4895	87	101616	-24,19
0x50	 14:35:19.003	-8,8379	6,8604	0,5469	-420,5322	130,0049	-222,7783	82,7161	52,9816	-98,3661	35,71	2204	-4766	-126	101616	-24,19
0x50	 14:35:19.113	-9,1162	8,4326	0,6104	-515,7471	242,3096	-359,4971	81,6504	55,4041	-95,6470	35,67	2383	-4548	-408	101617	-24,28
0x50	 14:35:19.207	-10,0684	5,0439	1,5137	-842,8955	253,9063	-238,0371	76,2781	59,7931	-91,6315	35,68	2739	-4164	-913	101616	-24,19
0x50	 14:35:19.316	-9,0918	7,2217	0,7471	-1621,0938	665,8936	-108,0322	74,9268	61,5344	-80,8978	35,70	3017	-3730	-1382	101616	-24,19
0x50	 14:35:19.410	-10,9521	3,1104	-0,4932	-1646,7285	477,9053	191,0400	67,1704	62,6770	-67,1869	35,74	3316	-2980	-2069	101617	-24,28
0x50	 14:35:19.503	-9,4482	3,7109	-0,3125	-628,6621	460,8154	482,7881	69,3018	61,7816	-52,0697	35,70	3517	-2453	-2342	101616	-24,19
0x50	 14:35:19.613	-11,0059	4,5264	-0,0146	-354,6143	139,7705	284,4238	73,2184	59,3591	-42,6599	35,69	3575	-2359	-2314	101617	-24,28
0x50	 14:35:19.706	-11,1963	4,9951	1,4014	-51,8799	32,9590	104,3701	74,2566	58,1451	-39,7540	35,70	3560	-2359	-2310	101617	-24,28
0x50	 14:35:19.816	-10,5469	5,4736	2,4854	-173,3398	61,0352	-108,6426	73,9325	58,9087	-38,7927	35,64	3618	-2322	-2336	101617	-24,28
0x50	 14:35:19.910	-7,8906	5,9229	1,0889	-508,4229	67,1387	-100,0977	71,7407	60,3864	-36,3702	35,67	3736	-2131	-2386	101617	-24,28
0x50	 14:35:20.003	-8,8330	6,0596	1,2256	-442,5049	24,4141	-82,3975	67,8680	61,1005	-34,4366	35,70	3833	-1839	-2494	101617	-24,28
0x50	 14:35:20.113	-10,5029	5,4834	2,5732	-828,8574	315,5518	138,5498	65,1984	61,3751	-28,5974	35,69	3923	-1472	-2578	101617	-24,28
0x50	 14:35:20.206	-8,9014	5,3223	1,2354	-1155,3955	596,9238	319,8242	65,0720	61,6003	-14,6118	35,69	4170	-996	-2488	101617	-24,28
0x50	 14:35:20.316	-10,0293	5,9961	0,3027	-1278,0762	479,1260	129,3945	65,4950	61,4960	-0,2856	35,67	4490	-543	-2184	101617	-24,28
0x50	 14:35:20.409	-9,7607	4,3799	0,6738	-1223,1445	502,3193	285,0342	63,1824	61,6937	13,4802	35,67	4833	-124	-1749	101617	-24,28
0x50	 14:35:20.503	-9,3506	4,8047	-0,4395	-1202,3926	453,4912	230,1025	62,8308	61,6827	27,6416	35,69	5135	-28	-1193	101617	-24,28
0x50	 14:35:20.612	-10,7422	4,5850	-1,1865	-808,7158	104,3701	119,0186	60,4578	61,7706	37,4084	35,72	5299	-33	-782	101617	-24,28
0x50	 14:35:20.706	-10,9473	3,7061	0,8643	-30,5176	92,7734	40,2832	58,7933	61,8311	40,1001	35,71	5282	-37	-677	101617	-24,28
0x50	 14:35:20.816	-9,8730	5,3857	0,5566	-935,6689	541,3818	44,5557	61,9244	63,5889	47,9114	35,68	5254	20	-517	101617	-24,28
0x50	 14:35:20.909	-10,0391	5,1709	-0,2637	-1047,9736	640,8691	67,1387	65,4181	65,7092	63,1934	35,69	5246	128	-75	101617	-24,28
0x50	 14:35:21.003	-10,0098	4,6875	0,4199	-1097,4121	599,3652	125,7324	70,0159	67,3187	79,9255	35,70	5218	212	401	101617	-24,28
0x50	 14:35:21.112	-10,4150	4,7314	0,2539	-894,7754	506,5918	237,4268	75,3937	66,9232	96,9928	35,71	5150	143	922	101616	-24,19
0x50	 14:35:21.206	-10,7764	5,5762	0,1270	-668,9453	250,2441	124,5117	77,7887	65,9180	108,0450	35,70	5096	-9	1310	101616	-24,19
0x50	 14:35:21.315	-10,6738	4,8584	1,5381	-444,9463	93,9941	183,1055	76,9153	64,9786	112,4835	35,70	5092	-123	1459	101616	-24,19
0x50	 14:35:21.409	-11,5625	2,9199	1,4697	50,0488	10,3760	546,2646	77,0197	61,1993	116,3287	35,67	5084	-392	1516	101617	-24,28
0x50	 14:35:21.519	-9,3115	4,1650	2,0068	-54,9316	242,3096	584,7168	81,1285	56,2830	121,7450	35,69	5050	-792	1583	101617	-24,28
0x50	 14:35:21.612	-8,6621	4,7119	0,6982	65,3076	82,3975	148,9258	83,4027	53,5583	126,7712	35,68	4977	-1151	1734	101617	-24,28
0x50	 14:35:21.722	-8,6670	4,9609	0,8350	430,2979	-316,7725	-511,4746	83,1500	56,6125	124,3872	35,71	4995	-1022	1709	101617	-24,28
0x50	 14:35:21.815	-9,3311	5,9717	1,6992	532,2266	-518,1885	-847,7783	78,1512	63,4021	113,2965	35,68	5103	-354	1427	101617	-24,28
0x50	 14:35:21.925	-9,2334	6,2549	2,1240	363,7695	-479,7363	-749,5117	65,8685	68,9777	95,4877	35,65	5151	448	1015	101617	-24,28
0x50	 14:35:22.003	-10,2441	7,5000	1,1279	-84,8389	-317,9932	-659,1797	48,2739	72,1637	75,2728	35,71	5086	1154	652	101617	-24,28
0x50	 14:35:22.128	-12,1143	4,3506	2,2559	-216,0645	-89,7217	160,5225	37,6611	71,6638	65,0226	35,72	4995	1571	437	101617	-24,28
0x50	 14:35:22.206	-9,4580	5,9961	0,6689	-1126,7090	587,1582	897,2168	55,4205	68,8129	87,9785	35,69	5041	1258	655	101616	-24,19
0x50	 14:35:22.331	-13,6572	3,5596	-0,3760	-694,5801	161,1328	1203,6133	63,5724	61,4795	109,8633	35,70	5127	376	1076	101616	-24,19
0x50	 14:35:22.409	-10,4980	4,3018	0,8301	113,5254	272,8271	1181,0303	74,1797	51,1304	120,9265	35,71	5166	-591	1175	101616	-24,19
0x50	 14:35:22.503	-9,5703	3,9893	0,2490	-105,5908	369,8730	989,9902	79,3762	42,6599	130,3748	35,67	5056	-1508	1296	101617	-24,28
0x50	 14:35:22.612	-8,6768	4,5703	-0,0195	177,6123	189,2090	248,4131	82,3865	38,3917	137,0270	35,69	4903	-2152	1494	101616	-24,19
0x50	 14:35:22.706	-9,5605	7,8369	-1,5137	421,1426	-534,6680	-897,2168	84,6661	42,7258	136,5106	35,70	4954	-2025	1585	101616	-24,19
0x50	 14:35:22.831	-13,0420	6,2256	0,3125	2720,3369	-1701,0498	-1840,8203	82,8204	56,0138	116,2738	35,71	5294	-846	981	101617	-24,28
StartTime: 2023-09-28 14:44:16.265
address	Time(s)	ax(g)	ay(g)	az(g)	wx(deg/s)	wy(deg/s)	wz(deg/s)	AngleX(deg)	AngleY(deg)	AngleZ(deg)	T(°)	hx	hy	hz	Pressure(Pa)	Altitude(m)
0x50	 14:44:16.265	-10,2051	1,7041	-2,8711	48,2178	4,2725	41,5039	147,2443	71,5649	-59,9908	34,65	5225	-3459	2901	101627	-25,11
0x50	 14:44:16.374	-10,1367	1,7383	-2,8027	34,1797	1,2207	13,4277	147,2717	71,4386	-60,4633	34,65	5181	-3467	2918	101626	-25,02
0x50	 14:44:16.468	-10,0684	1,9922	-2,7637	38,4521	5,4932	-8,5449	147,6508	71,4331	-60,4523	34,66	5175	-3455	2937	101626	-25,02
0x50	 14:44:16.562	-10,6104	2,0410	-2,7002	21,3623	23,1934	-35,4004	148,7823	71,4386	-59,8370	34,69	5176	-3432	2978	101626	-25,02
0x50	 14:44:16.671	-10,3857	2,0166	-2,8027	-46,3867	17,0898	-29,9072	149,3976	71,4716	-59,0955	34,68	5196	-3410	2992	101627	-25,11
0x50	 14:44:16.765	-10,3174	2,1924	-2,7051	-21,9727	15,8691	-12,8174	149,5239	71,4221	-58,9362	34,67	5190	-3402	3011	101627	-25,11
0x50	 14:44:16.890	-10,3467	2,1436	-2,7148	-49,4385	21,9727	-43,3350	149,7711	71,4001	-58,6450	34,66	5192	-3394	3041	101626	-25,02
0x50	 14:44:16.968	-10,3467	2,0996	-2,7490	-112,3047	6,1035	-90,3320	150,2875	71,6473	-57,3816	34,68	5234	-3399	2996	101626	-25,02
0x50	 14:44:17.062	-11,7920	1,9971	-2,5439	-128,1738	26,2451	-139,1602	152,1112	72,0593	-54,8053	34,67	5285	-3360	2966	101626	-25,02
0x50	 14:44:17.171	-8,8574	1,5723	-2,6172	-194,7021	6,1035	-93,9941	153,2428	72,6416	-51,3611	34,67	5359	-3331	2871	101626	-25,02
0x50	 14:44:17.265	-11,4746	1,8945	-2,9443	-219,7266	1,8311	-173,3398	155,8905	72,7625	-47,7795	34,66	5417	-3301	2841	101626	-25,02
0x50	 14:44:17.374	-9,4287	2,7930	-3,6768	-573,7305	-112,3047	-377,8076	158,3844	74,4873	-39,0289	34,67	5538	-3274	2566	101626	-25,02
0x50	 14:44:17.468	-9,7217	2,4268	-3,8281	-161,1328	-167,2363	-384,5215	168,0029	76,3770	-26,8506	34,66	5703	-3057	2297	101626	-25,02
0x50	 14:44:17.562	-9,4922	2,2900	-3,9258	2,4414	-117,7979	-303,3447	179,2584	77,7722	-12,7112	34,66	5832	-2732	1980	101626	-25,02
0x50	 14:44:17.671	-10,7568	2,6270	-4,0283	155,6396	-34,7900	-42,1143	-174,5563	77,7338	-5,2240	34,69	5775	-2494	1797	101625	-24,94
0x50	 14:44:17.765	-11,7676	0,7910	-3,6572	380,2490	72,0215	366,2109	178,0005	77,0801	-13,9032	34,68	5561	-2446	1693	101625	-24,94
0x50	 14:44:17.874	-10,0000	1,2451	-2,9541	725,7080	170,8984	816,6504	159,1534	74,4598	-37,5183	34,64	5195	-2667	1739	101624	-24,86
0x50	 14:44:17.968	-11,8750	2,1143	-2,0459	835,5713	388,7939	839,2334	147,7386	68,0273	-57,6343	34,65	4646	-3019	2101	101625	-24,94
0x50	 14:44:18.062	-9,6094	1,6553	-1,8359	106,2012	304,5654	570,6787	144,1351	61,5948	-66,6376	34,70	4063	-3271	2476	101625	-24,94
0x50	 14:44:18.171	-9,4336	2,0557	-1,8945	34,7900	135,4980	212,4023	141,7346	58,2440	-70,3839	34,66	3636	-3490	2638	101625	-24,94
0x50	 14:44:18.265	-10,5371	2,7246	-2,3926	119,0186	-15,8691	-219,7266	141,8335	58,8153	-70,4224	34,66	3491	-3561	2626	101625	-24,94
0x50	 14:44:18.374	-12,4951	1,2158	-3,3057	-560,9131	-274,6582	-684,8145	145,5524	62,9901	-64,9786	34,67	3706	-3386	2467	101626	-25,02
0x50	 14:44:18.468	-8,9893	1,9580	-3,3398	-34,7900	-86,0596	-467,5293	149,7766	68,8458	-53,4430	34,69	4146	-3147	1988	101625	-24,94
0x50	 14:44:18.561	-10,3418	0,7080	-3,3301	-978,3936	-81,7871	-326,5381	155,3906	70,9332	-44,0826	34,69	4391	-2921	1749	101626	-25,02
0x50	 14:44:18.671	-9,0479	3,6768	-3,7354	-317,9932	-21,3623	-343,0176	156,6266	72,7899	-33,3545	34,69	4570	-2814	1329	101626	-25,02
0x50	 14:44:18.765	-8,8818	2,0508	-3,9404	-414,4287	-92,7734	-385,7422	164,4379	73,9215	-20,5829	34,67	4714	-2576	1063	101625	-24,94
0x50	 14:44:18.874	-11,2842	2,5000	-4,0771	192,2607	-53,1006	-149,5361	171,7987	74,7235	-8,6627	34,66	4851	-2314	849	101626	-25,02
0x50	 14:44:18.968	-12,2168	0,9229	-3,8672	-47,6074	-45,7764	106,2012	170,9857	74,6906	-7,6849	34,66	4908	-2198	740	101625	-24,94
0x50	 14:44:19.077	-8,5010	0,9424	-3,1885	286,2549	0,6104	485,2295	161,0101	73,6084	-18,1494	34,68	4874	-2336	701	101625	-24,94
0x50	 14:44:19.171	-12,7490	2,3389	-2,3535	709,8389	191,0400	575,5615	151,4795	70,1862	-32,8271	34,70	4699	-2630	920	101625	-24,94
0x50	 14:44:19.280	-9,9072	1,4355	-1,9336	-120,2393	122,0703	371,0938	145,3766	66,6815	-40,6659	34,67	4516	-2895	1194	101626	-25,02
0x50	 14:44:19.374	-10,1221	2,6221	-2,3145	404,6631	90,3320	295,4102	143,4650	64,3689	-45,1923	34,70	4370	-3076	1369	101625	-24,94
0x50	 14:44:19.483	-10,3223	1,9287	-2,0166	181,2744	67,1387	79,3457	143,8550	63,3142	-47,5214	34,67	4284	-3149	1575	101626	-25,02
0x50	 14:44:19.561	-11,5381	2,8760	-2,8613	29,2969	-44,5557	-175,7813	145,7281	64,2645	-46,5601	34,70	4298	-3090	1632	101625	-24,94
0x50	 14:44:19.686	-8,5938	1,0596	-4,8096	130,0049	-211,1816	-240,4785	150,0128	67,3682	-43,0225	34,70	4457	-2880	1571	101626	-25,02
0x50	 14:44:19.764	-11,7188	1,8799	-4,6582	1056,5186	-87,8906	-128,7842	160,0214	69,2303	-39,7375	34,66	4580	-2565	1729	101626	-25,02
0x50	 14:44:19.874	-9,0625	2,3389	-3,9746	1021,7285	70,1904	-76,9043	170,7330	69,5270	-35,3101	34,70	4694	-2227	1979	101625	-24,94
0x50	 14:44:19.967	-9,6924	0,7422	-2,7979	1222,5342	223,9990	250,8545	-179,9341	67,5659	-38,0676	34,69	4722	-1809	2444	101625	-24,94
0x50	 14:44:20.061	-9,2236	0,9668	-2,2021	1030,2734	209,9609	516,9678	179,8737	65,7532	-49,2462	34,67	4616	-1560	2877	101625	-24,94
0x50	 14:44:20.170	-10,3613	1,4307	-1,8018	993,0420	90,9424	712,2803	175,6329	64,5447	-65,9015	34,69	4451	-1474	3259	101625	-24,94
0x50	 14:44:20.264	-11,2549	3,9502	-1,5869	1077,8809	10,3760	616,4551	170,1453	64,1327	-82,7051	34,70	4269	-1409	3532	101625	-24,94
0x50	 14:44:20.374	-11,4600	0,1123	-1,8799	776,9775	-72,0215	458,9844	170,3760	64,0833	-95,7239	34,70	4089	-1072	3790	101625	-24,94
0x50	 14:44:20.467	-9,9365	2,5977	-2,7100	897,8271	-225,8301	441,2842	165,1355	65,5939	-107,5067	34,66	4026	-874	3849	101625	-24,94
0x50	 14:44:20.561	-10,8691	2,4121	-2,1387	975,9521	-149,5361	433,3496	163,0756	66,7639	-120,6299	34,70	4071	-516	3817	101625	-24,94
0x50	 14:44:20.670	-9,8975	1,6309	-2,2852	617,0654	-68,9697	285,0342	160,4883	67,1649	-131,1932	34,73	4103	-199	3753	101625	-24,94
0x50	 14:44:20.764	-10,2002	1,9824	-2,5928	703,1250	2,4414	-13,4277	162,7844	67,4780	-135,0824	34,70	4111	143	3692	101625	-24,94
0x50	 14:44:20.873	-11,2109	-0,4639	-2,5391	771,4844	38,4521	-58,5938	171,2000	67,5330	-134,1101	34,74	4049	680	3636	101626	-25,02
0x50	 14:44:20.967	-10,8252	0,4688	-3,4766	757,4463	-6,1035	-25,6348	178,5992	68,0878	-132,0941	34,71	3970	1215	3540	101625	-24,94
0x50	 14:44:21.061	-9,7803	0,9619	-2,7832	1091,3086	29,2969	197,1436	-174,7321	68,4998	-134,9670	34,68	3943	1768	3296	101626	-25,02
0x50	 14:44:21.170	-9,8779	1,6992	-2,3438	902,7100	166,6260	260,6201	-171,8866	68,1647	-142,3608	34,67	3947	2256	2946	101625	-24,94
0x50	 14:44:21.264	-10,2100	0,8154	-1,9141	704,9561	232,5439	395,5078	-173,4247	67,0935	-152,2925	34,65	3983	2588	2621	101625	-24,94
0x50	 14:44:21.373	-10,2637	0,6494	-2,1582	556,0303	123,2910	629,2725	179,5825	66,0938	-166,0309	34,70	4100	2710	2361	101625	-24,94
0x50	 14:44:21.467	-12,1143	2,9346	-2,2900	498,6572	-53,7109	466,3086	170,6561	65,8191	179,5111	34,68	4378	2640	2045	101625	-24,94
0x50	 14:44:21.576	-9,4775	1,7725	-2,4170	646,9727	-120,8496	431,5186	164,4434	66,5222	168,2391	34,68	4691	2530	1639	101625	-24,94
0x50	 14:44:21.670	-12,0068	1,1816	-2,1777	795,2881	-14,0381	493,1641	161,6968	66,2805	155,9454	34,69	4995	2371	1125	101625	-24,94
0x50	 14:44:21.764	-9,6338	1,1719	-2,1143	372,9248	9,1553	413,8184	157,2418	65,3961	145,7172	34,70	5336	2062	737	101626	-25,02
0x50	 14:44:21.873	-10,3174	1,9629	-2,0508	507,8125	50,6592	351,5625	153,9404	64,2096	137,3346	34,68	5557	1704	538	101626	-25,02
0x50	 14:44:21.967	-10,3662	2,1533	-1,9092	68,3594	27,4658	70,8008	152,7319	63,6932	133,5223	34,68	5758	1416	478	101626	-25,02
0x50	 14:44:22.076	-10,9570	1,0059	-2,2705	-208,1299	17,7002	-212,4023	154,2096	64,4788	135,8130	34,70	5867	1431	470	101626	-25,02
0x50	 14:44:22.170	-13,4375	1,8506	-2,3486	-520,6299	-17,7002	-441,2842	156,7035	66,7255	143,2233	34,70	5874	1680	576	101626	-25,02
0x50	 14:44:22.264	-8,4570	0,9912	-2,5977	-928,9551	-48,8281	-369,8730	157,2583	69,5599	153,5065	34,72	5762	2030	833	101626	-25,02
0x50	 14:44:22.389	-11,7041	0,2100	-1,6797	-728,7598	25,6348	-201,4160	158,1592	70,3839	159,4061	34,70	5665	2211	1094	101625	-24,94
0x50	 14:44:22.467	-8,9355	2,5586	-2,7881	-1230,4688	-0,6104	-418,0908	155,5884	72,0483	169,7772	34,71	5504	2304	1551	101626	-25,02
0x50	 14:44:22.561	-9,9121	1,5918	-2,6660	-1018,0664	-32,3486	-465,6982	158,5767	73,6963	-178,1268	34,72	5312	2400	2013	101625	-24,94
0x50	 14:44:22.670	-9,6631	2,3584	-3,3496	-1146,2402	-110,4736	-557,2510	163,7787	76,1243	-161,1969	34,70	5074	2457	2457	101626	-25,02
0x50	 14:44:22.764	-10,6006	1,8311	-3,0176	-852,6611	-106,2012	-438,2324	172,1997	77,9590	-144,3274	34,67	4876	2471	2798	101626	-25,02
0x50	 14:44:22.873	-10,9570	1,6846	-2,8760	-866,6992	-79,9561	-346,0693	-179,5551	78,9313	-128,5950	34,70	4707	2431	3104	101626	-25,02
0x50	 14:44:22.967	-11,4990	1,3965	-2,5488	-575,5615	84,2285	117,1875	175,7428	78,9587	-126,4691	34,70	4635	2176	3394	101627	-25,11
0x50	 14:44:23.060	-10,5762	-0,0342	-2,3438	-1021,1182	236,8164	418,7012	156,1487	76,0913	-139,8505	34,69	4609	1638	3771	101626	-25,02
0x50	 14:44:23.170	-10,7910	3,4326	-1,7822	-601,8066	342,4072	485,2295	138,7463	71,2244	-149,0900	34,71	4558	696	4176	101626	-25,02
0x50	 14:44:23.264	-9,6631	2,8516	-2,0947	-1082,7637	278,9307	40,8936	132,4731	67,2748	-148,0957	34,74	4361	-107	4492	101626	-25,02
0x50	 14:44:23.373	-9,4434	4,1357	-2,3682	-919,7998	155,6396	-442,5049	128,8751	67,5110	-141,0260	34,71	4202	-831	4594	101626	-25,02
0x50	 14:44:23.472	-10,3174	3,8916	-2,4902	-831,2988	78,7354	-841,0645	133,0719	71,7352	-127,9248	34,71	4175	-1193	4512	101626	-25,02
0x50	 14:44:23.565	-11,5576	3,0762	-2,4561	-884,3994	176,3916	-983,2764	151,7267	76,3110	-100,7391	34,73	4282	-1250	4416	101626	-25,02
0x50	 14:44:23.675	-9,9072	0,4199	-2,2314	-1475,8301	289,3066	-765,9912	177,6379	76,2726	-63,8086	34,72	4344	-1336	4287	101626	-25,02
0x50	 14:44:23.769	-10,7373	0,9229	-1,9385	-1287,2314	367,4316	-338,1348	-178,5114	72,9987	-46,4282	34,70	4337	-1829	4173	101626	-25,02
0x50	 14:44:23.862	-9,3652	2,9053	-2,0801	-1558,2275	175,1709	-336,9141	175,0287	70,8673	-38,5730	34,68	4322	-2524	3862	101626	-25,02
0x50	 14:44:23.972	-8,5840	3,4033	-3,8770	-1081,5430	-10,9863	-468,1396	171,6724	70,8508	-29,8718	34,69	4458	-3095	3334	101626	-25,02
0x50	 14:44:24.065	-9,0820	3,2715	-4,6631	-849,6094	-186,7676	-667,7246	175,4242	72,4933	-16,2817	34,67	4773	-3273	2766	101626	-25,02
0x50	 14:44:24.175	-9,9414	1,5918	-4,4336	-724,4873	-150,1465	-568,2373	-173,4906	73,7347	3,1970	34,70	5109	-3114	2192	101626	-25,02
0x50	 14:44:24.268	-12,7783	2,5195	-4,3115	-719,6045	-144,0430	-411,9873	-166,1298	73,9325	19,5007	34,73	5324	-2868	1668	101625	-24,94
0x50	 14:44:24.362	-8,8281	1,6943	-3,3936	-216,6748	-119,0186	28,0762	-165,1630	74,3994	26,5430	34,72	5412	-2660	1174	101624	-24,86
0x50	 14:44:24.472	-12,0508	2,3389	-3,1396	95,2148	116,5771	357,0557	-175,7977	74,5972	16,9135	34,66	5296	-2694	961	101624	-24,86
0x50	 14:44:24.565	-9,7314	1,5527	-3,1299	-134,2773	180,6641	493,1641	168,0304	72,4438	0,7745	34,70	5049	-2905	966	101625	-24,94
0x50	 14:44:24.675	-9,8193	2,5635	-2,9150	142,2119	213,0127	471,1914	155,3137	68,9612	-12,6178	34,72	4747	-3179	1019	101625	-24,94
0x50	 14:44:24.768	-9,3994	2,6611	-2,7686	32,9590	157,4707	302,7344	149,3701	65,5774	-20,1434	34,73	4485	-3412	1156	101626	-25,02
0x50	 14:44:24.862	-9,6582	3,0908	-2,6416	76,9043	46,9971	-61,0352	148,4747	64,5062	-21,7804	34,70	4325	-3463	1150	101625	-24,94
0x50	 14:44:24.971	-11,9238	2,5781	-3,0371	48,2178	-104,3701	-393,6768	153,5229	66,5057	-17,4902	34,73	4402	-3248	1108	101625	-24,94
0x50	 14:44:25.065	-9,7217	0,5322	-3,8184	-440,6738	-177,6123	-432,7393	158,6041	70,1147	-8,6847	34,70	4619	-2903	856	101625	-24,94
0x50	 14:44:25.174	-10,1367	1,3330	-3,3350	99,4873	31,1279	-99,4873	163,8776	71,0541	-2,2302	34,70	4764	-2643	651	101626	-25,02
0x50	 14:44:25.268	-9,1846	2,0410	-4,1504	-552,3682	40,8936	-81,7871	162,2131	70,8783	0,8075	34,72	4818	-2522	523	101626	-25,02
0x50	 14:44:25.362	-9,2432	3,0225	-3,9014	283,8135	26,8555	-83,0078	164,2126	70,4004	4,4604	34,71	4876	-2425	446	101626	-25,02
0x50	 14:44:25.471	-9,0576	2,7197	-4,0869	206,9092	-47,6074	-147,7051	168,2886	70,3949	9,1022	34,69	4936	-2268	468	101625	-24,94
0x50	 14:44:25.581	-10,7910	2,5830	-3,7451	792,2363	-29,9072	25,6348	173,9850	70,4608	11,7773	34,71	5002	-2111	491	101626	-25,02
0x50	 14:44:25.659	-11,3428	1,7773	-3,2520	402,8320	-61,0352	347,9004	171,4142	70,2521	5,3503	34,70	4987	-2133	657	101626	-25,02
0x50	 14:44:25.784	-9,2969	2,8223	-2,8125	982,6660	-32,3486	486,4502	166,1902	69,6753	-6,7456	34,72	4899	-2319	822	101626	-25,02
0x50	 14:44:25.862	-12,7051	3,0566	-1,6846	1393,4326	131,8359	545,0439	163,7073	67,9944	-21,6376	34,71	4742	-2478	1231	101626	-25,02
0x50	 14:44:25.987	-10,1514	1,2207	-1,5625	896,6064	119,0186	573,1201	162,5043	65,5939	-35,8154	34,68	4567	-2580	1826	101626	-25,02
0x50	 14:44:26.065	-10,5615	2,9834	-0,9033	1207,8857	139,7705	586,5479	161,1530	63,4131	-49,8505	34,76	4322	-2629	2363	101626	-25,02
0x50	 14:44:26.174	-10,7275	2,9346	-0,9424	772,7051	95,2148	410,7666	161,4661	61,7981	-61,6498	34,73	4111	-2545	2846	101626	-25,02
0x50	 14:44:26.268	-11,2012	1,9531	-1,9531	468,1396	-63,4766	285,0342	160,9332	61,7157	-69,9445	34,73	3963	-2416	3153	101626	-25,02
0x50	 14:44:26.362	-8,6328	1,1816	-3,0811	877,0752	-128,7842	557,2510	157,8076	62,2925	-80,1563	34,71	3855	-2342	3313	101626	-25,02
0x50	 14:44:26.471	-11,4551	2,6807	-3,9014	881,9580	-249,0234	498,0469	155,8136	62,0673	-93,3344	34,69	3700	-2125	3586	101626	-25,02
0x50	 14:44:26.565	-9,6582	3,3691	-4,0234	1054,0771	-323,4863	229,4922	154,7205	63,7701	-102,7771	34,74	3724	-1827	3701	101626	-25,02
0x50	 14:44:26.674	-10,2637	2,3096	-2,8076	1152,9541	-214,8438	90,3320	161,0980	65,6268	-109,2371	34,73	3844	-1209	3795	101626	-25,02
0x50	 14:44:26.768	-10,2197	1,8506	-2,3828	1361,6943	-104,9805	75,6836	169,4641	67,3352	-113,0109	34,72	4009	-471	3818	101626	-25,02
0x50	 14:44:26.862	-10,5420	1,1670	-2,0508	1166,9922	1,8311	252,0752	177,0282	68,1042	-118,9709	34,72	4123	284	3743	101626	-25,02
0x50	 14:44:26.971	-9,6240	1,3379	-2,4854	776,9775	20,1416	382,6904	177,4072	68,2086	-128,2654	34,69	4186	778	3646	101626	-25,02
0x50	 14:44:27.065	-10,0830	2,2314	-2,3926	858,1543	-26,8555	433,9600	173,8971	68,3734	-140,4492	34,70	4225	1028	3498	101626	-25,02
0x50	 14:44:27.158	-11,2842	2,7881	-2,3682	704,3457	-100,7080	345,4590	169,5740	68,8458	-152,6166	34,71	4285	1260	3300	101626	-25,02
0x50	 14:44:27.268	-11,0010	1,4990	-1,7920	932,0068	21,3623	447,3877	165,8936	68,8733	-164,2621	34,69	4358	1515	3083	101626	-25,02
0x50	 14:44:27.361	-12,6514	1,8359	-1,5381	1141,3574	180,0537	604,8584	162,7350	67,0496	-177,7917	34,70	4408	1783	2821	101626	-25,02
0x50	 14:44:27.471	-10,0879	1,4697	-1,4893	642,7002	135,4980	549,3164	159,8895	64,2096	170,4034	34,73	4494	1994	2591	101626	-25,02
0x50	 14:44:27.565	-9,9756	2,9150	-1,5479	648,8037	62,8662	508,4229	155,2753	62,2815	160,6805	34,72	4664	2021	2354	101627	-25,11
0x50	 14:44:27.674	-10,0977	2,4072	-1,7285	452,8809	-34,1797	352,1729	153,0615	61,0510	152,8748	34,69	4872	1969	2040	101626	-25,02
0x50	 14:44:27.768	-10,2637	2,2217	-2,2412	503,5400	-86,6699	163,5742	152,0782	61,2762	148,0408	34,73	5044	1924	1702	101626	-25,02
0x50	 14:44:27.861	-11,3330	1,9727	-2,8906	52,4902	-210,5713	-115,9668	152,5946	63,1714	146,3763	34,70	5165	1945	1376	101626	-25,02
0x50	 14:44:27.971	-9,2969	2,0117	-3,1201	125,7324	-186,1572	-278,9307	154,3964	66,9397	149,1943	34,72	5200	2108	1115	101627	-25,11
0x50	 14:44:28.080	-10,6885	0,9912	-3,1396	-22,5830	-45,1660	-170,8984	159,3402	68,5382	153,0066	34,72	5182	2311	925	101627	-25,11
StartTime: 2023-09-28 14:49:43.280
address	Time(s)	ax(g)	ay(g)	az(g)	wx(deg/s)	wy(deg/s)	wz(deg/s)	AngleX(deg)	AngleY(deg)	AngleZ(deg)	T(°)	hx	hy	hz	Pressure(Pa)	Altitude(m)
0x50	 14:49:43.280	-8,5352	-5,2441	0,5322	92,1631	13,4277	68,3594	-79,1016	59,5679	-56,8213	35,43	3760	6948	1063	101627	-25,11
0x50	 14:49:43.374	-8,8525	-4,9658	0,4053	117,1875	-6,7139	-12,2070	-78,3710	59,8206	-57,4750	35,41	3807	6914	984	101627	-25,11
0x50	 14:49:43.467	-8,8281	-4,7852	0,6104	52,4902	-75,0732	-102,5391	-77,4207	58,9856	-57,3981	35,42	3726	6922	864	101627	-25,11
0x50	 14:49:43.577	-9,4580	-5,1709	1,2451	-4,2725	-87,8906	-1,8311	-76,3605	58,3594	-56,6620	35,40	3623	6937	782	101627	-25,11
0x50	 14:49:43.670	-7,7588	-5,2637	1,4258	123,9014	-48,8281	76,2939	-74,9542	58,7823	-55,4590	35,41	3672	6869	737	101627	-25,11
0x50	 14:49:43.780	-8,1006	-4,4922	0,7178	114,7461	-103,7598	34,1797	-72,0483	58,9966	-53,7726	35,42	3727	6759	552	101627	-25,11
0x50	 14:49:43.874	-8,3203	-4,9365	0,9766	-23,8037	-49,4385	79,9561	-70,8179	59,2383	-52,5092	35,41	3737	6650	476	101627	-25,11
0x50	 14:49:43.967	-8,4473	-5,4932	1,0254	24,4141	86,0596	86,0596	-71,4276	60,1282	-53,3826	35,43	3753	6527	466	101627	-25,11
0x50	 14:49:44.077	-8,4473	-5,5273	1,2646	92,1631	120,8496	84,8389	-72,6416	61,1334	-55,5359	35,44	3732	6334	538	101627	-25,11
0x50	 14:49:44.170	-8,0127	-5,3418	1,3818	154,4189	171,5088	131,2256	-73,7952	62,1661	-57,9858	35,44	3677	6109	540	101627	-25,11
0x50	 14:49:44.280	-9,3359	-5,1221	1,1182	225,8301	274,6582	227,6611	-74,9872	64,3250	-61,2103	35,41	3676	5787	554	101626	-25,02
0x50	 14:49:44.373	-9,5654	-3,5986	1,0254	195,9229	271,6064	75,0732	-77,9315	66,2311	-66,8188	35,42	3668	5452	562	101626	-25,02
0x50	 14:49:44.467	-7,8467	-3,8623	1,0400	251,4648	487,6709	-46,3867	-84,5892	66,4838	-75,2838	35,43	3501	5217	716	101626	-25,02
0x50	 14:49:44.576	-11,2012	-2,8711	-0,8936	529,1748	84,8389	-86,6699	-86,8744	66,5332	-83,1775	35,45	3267	5029	630	101626	-25,02
0x50	 14:49:44.670	-8,3594	-3,0859	-0,1318	79,3457	-29,2969	-174,5605	-85,3143	65,1874	-83,3148	35,42	3016	4915	510	101627	-25,11
0x50	 14:49:44.780	-9,4434	-3,6963	-0,0244	73,2422	-58,5938	15,2588	-84,0289	64,7095	-82,9028	35,40	2813	4827	463	101627	-25,11
0x50	 14:49:44.873	-10,3271	-3,7891	-0,0732	-81,1768	-155,6396	104,9805	-81,5131	65,3467	-80,2057	35,44	2754	4685	459	101627	-25,11
0x50	 14:49:44.967	-10,6494	-4,7217	0,8887	-192,2607	-149,5361	314,3311	-79,2609	67,4615	-75,2509	35,37	2839	4475	572	101627	-25,11
0x50	 14:49:45.076	-11,5771	-3,3691	1,7041	-110,4736	-218,5059	399,7803	-74,1522	70,8673	-67,7637	35,41	3121	4189	679	101627	-25,11
0x50	 14:49:45.170	-9,0381	-1,9141	1,7041	277,0996	56,7627	-142,2119	-69,5709	71,2518	-62,6935	35,42	3327	4009	679	101627	-25,11
0x50	 14:49:45.279	-8,4082	-2,0557	1,3770	-239,8682	-225,8301	-289,3066	-68,0658	69,3457	-61,1169	35,43	3289	3989	643	101627	-25,11
0x50	 14:49:45.373	-8,1348	-3,2910	1,4160	-119,0186	-107,4219	-195,9229	-68,4888	66,5881	-58,7054	35,44	3138	4056	736	101626	-25,02
0x50	 14:49:45.467	-8,7354	-4,4531	2,1680	-274,0479	-35,4004	-99,4873	-69,9280	64,9841	-56,7609	35,41	3043	4087	900	101627	-25,11
0x50	 14:49:45.576	-9,3408	-3,7109	1,9482	-14,0381	106,2012	-229,4922	-72,4658	63,8745	-57,2058	35,41	2973	4064	1080	101627	-25,11
0x50	 14:49:45.670	-11,1865	-5,4834	0,9814	-33,5693	78,1250	-43,9453	-75,6738	62,5891	-59,0845	35,45	2886	4073	1236	101627	-25,11
0x50	 14:49:45.779	-10,4150	-5,3613	0,4150	413,8184	242,9199	-53,1006	-77,5635	62,1167	-61,2598	35,44	2834	4084	1305	101627	-25,11
0x50	 14:49:45.873	-9,2090	-2,9297	0,4199	36,6211	7,3242	-166,6260	-76,3000	61,7651	-63,1549	35,44	2841	4145	1171	101627	-25,11
0x50	 14:49:45.967	-8,6572	-3,1006	-0,0830	16,4795	-100,7080	-195,9229	-76,6296	60,3259	-63,3142	35,41	2783	4199	1124	101627	-25,11
0x50	 14:49:46.076	-8,8721	-3,8770	-0,2197	-247,8027	-358,8867	-13,4277	-75,0696	59,1724	-59,8755	35,41	2742	4223	1079	101627	-25,11
0x50	 14:49:46.170	-9,3506	-5,1318	0,7764	-495,6055	-431,5186	201,4160	-72,6306	59,1449	-52,2565	35,42	2833	4138	1150	101627	-25,11
0x50	 14:49:46.279	-10,0928	-4,3896	2,6465	-322,8760	-275,8789	307,0068	-69,2413	60,9192	-43,3850	35,44	3104	3924	1245	101627	-25,11
0x50	 14:49:46.373	-10,2832	-4,2822	2,5586	287,4756	175,7813	130,0049	-68,9392	62,9077	-41,9897	35,41	3311	3772	1309	101627	-25,11
0x50	 14:49:46.482	-8,4814	-2,8369	1,5527	45,1660	-62,2559	-134,2773	-67,7307	62,8198	-41,6107	35,42	3367	3766	1240	101627	-25,11
0x50	 14:49:46.576	-9,5801	-2,9053	1,5137	-71,4111	-239,8682	-307,6172	-66,1981	60,3864	-39,1937	35,41	3284	3857	1140	101627	-25,11
0x50	 14:49:46.685	-8,7012	-3,4863	1,8066	-18,9209	-94,6045	-513,9160	-67,0935	56,2445	-39,5233	35,41	3045	4065	1073	101627	-25,11
0x50	 14:49:46.779	-7,6318	-4,2773	1,7334	-213,6230	12,8174	-390,6250	-70,1038	52,6300	-41,7041	35,42	2686	4295	1107	101626	-25,02
0x50	 14:49:46.888	-7,9639	-5,7471	1,7236	-66,5283	227,0508	-215,4541	-74,4543	50,9711	-44,8187	35,44	2387	4407	1292	101626	-25,02
0x50	 14:49:46.967	-8,5059	-6,7041	1,3086	26,8555	406,4941	-96,4355	-79,3927	50,5481	-49,9109	35,41	2137	4457	1480	101626	-25,02
0x50	 14:49:47.092	-8,8623	-7,0068	0,3223	379,0283	363,7695	-26,2451	-82,5787	50,8722	-55,9589	35,41	1916	4506	1525	101626	-25,02
0x50	 14:49:47.170	-7,8174	-5,5371	0,0488	-176,3916	18,9209	-178,2227	-83,5126	50,0372	-58,3429	35,40	1747	4611	1467	101626	-25,02
0x50	 14:49:47.295	-6,3574	-6,2109	0,1807	-233,7646	-81,1768	-193,4814	-86,1987	48,2135	-57,6782	35,41	1543	4657	1593	101626	-25,02
0x50	 14:49:47.373	-6,0742	-6,2891	0,1074	-169,6777	-78,1250	-266,7236	-87,3248	46,0052	-56,6180	35,43	1329	4682	1735	101626	-25,02
0x50	 14:49:47.466	-5,4688	-8,4229	1,2256	214,2334	96,4355	-374,7559	-87,4182	42,6929	-56,5631	35,44	1018	4741	1743	101627	-25,11
0x50	 14:49:47.576	-7,5146	-9,7559	0,3564	244,1406	37,2314	-145,2637	-85,1276	39,8090	-57,1454	35,44	681	4828	1562	101626	-25,02
0x50	 14:49:47.669	-6,0156	-8,6230	0,8398	144,0430	74,4629	-159,9121	-84,3036	37,5732	-57,7606	35,44	446	4905	1402	101627	-25,11
0x50	 14:49:47.779	-4,9316	-7,7783	0,7471	170,2881	137,3291	68,9697	-84,5673	37,4744	-59,3262	35,41	312	4993	1244	101627	-25,11
0x50	 14:49:47.873	-4,7705	-6,0547	0,8057	181,2744	114,1357	-40,8936	-83,0072	37,5458	-60,9576	35,42	272	5061	1023	101627	-25,11
0x50	 14:49:47.966	-5,6055	-6,5674	1,2988	12,2070	15,2588	101,9287	-82,8094	37,8809	-61,6882	35,45	252	5098	873	101627	-25,11
0x50	 14:49:48.076	-6,1475	-6,2451	1,5674	85,4492	124,5117	63,4766	-82,6666	38,7708	-62,0782	35,42	261	5131	778	101626	-25,02
0x50	 14:49:48.169	-7,2559	-7,4170	0,8057	-29,9072	219,1162	211,1816	-83,5016	40,0836	-64,0833	35,45	255	5153	678	101626	-25,02
0x50	 14:49:48.279	-7,6123	-8,3740	0,2686	-64,6973	228,2715	502,9297	-85,6110	44,2090	-66,8848	35,36	459	5186	629	101626	-25,02
0x50	 14:49:48.373	-7,5488	-6,7139	0,2246	-104,3701	-49,4385	386,9629	-85,7208	49,4604	-68,0768	35,45	855	5229	487	101627	-25,11
0x50	 14:49:48.466	-5,6836	-6,6260	0,7031	-159,9121	-170,2881	158,0811	-86,3910	51,2677	-66,5991	35,45	1164	5321	507	101626	-25,02
0x50	 14:49:48.576	-6,7041	-7,2021	-0,0195	-81,7871	-245,9717	173,3398	-84,5728	52,6630	-63,5175	35,43	1371	5424	492	101627	-25,11
0x50	 14:49:48.669	-6,0205	-6,8506	0,3564	-85,4492	-219,1162	-225,2197	-82,6007	51,7511	-60,6665	35,41	1492	5573	418	101627	-25,11
0x50	 14:49:48.779	-7,1484	-9,8438	1,1279	95,8252	-257,5684	-129,3945	-80,9967	48,6200	-58,9691	35,44	1359	5772	315	101627	-25,11
0x50	 14:49:48.872	-6,9238	-9,5557	5,0391	191,0400	-194,0918	-402,8320	-77,3822	45,4065	-55,8105	35,42	1207	5950	155	101627	-25,11
0x50	 14:49:48.966	-5,2344	-7,0801	3,9453	778,1982	40,2832	-285,0342	-71,6473	41,3965	-56,4148	35,42	978	6025	-335	101627	-25,11
0x50	 14:49:49.075	-4,6777	-5,4639	2,8271	634,7656	-90,9424	-205,0781	-64,9017	38,7653	-56,7828	35,41	846	5954	-1020	101626	-25,02
0x50	 14:49:49.167	-3,8818	-3,7256	1,7236	277,7100	-156,8604	-339,3555	-60,9247	35,4309	-57,5903	35,41	634	5851	-1488	101625	-24,94
0x50	 14:49:49.277	-4,5703	-4,1699	1,8848	-327,1484	-279,5410	-178,2227	-61,3202	32,6569	-57,4915	35,42	315	5836	-1548	101625	-24,94
0x50	 14:49:49.370	-4,1650	-5,5029	1,8945	-863,0371	-62,8662	-360,1074	-67,8406	29,4708	-58,3319	35,44	-128	5962	-1072	101625	-24,94
0x50	 14:49:49.464	-7,9346	-11,2695	4,1016	-592,0410	9,1553	749,5117	-76,2506	32,9865	-57,8540	35,45	-184	6114	-226	101625	-24,94
0x50	 14:49:49.573	-5,9229	-7,5781	2,6270	213,0127	586,5479	360,7178	-79,1730	37,4139	-61,4246	35,44	204	6185	79	101626	-25,02
0x50	 14:49:49.667	-6,9092	-7,8711	1,2891	-110,4736	249,0234	480,3467	-82,2437	42,3303	-64,5941	35,42	674	6186	191	101627	-25,11
0x50	 14:49:49.777	-4,7217	-6,6553	2,0703	-206,9092	129,3945	350,3418	-84,2816	45,8844	-65,4675	35,44	1104	6144	349	101626	-25,02
0x50	 14:49:49.870	-4,4287	-8,2861	2,0020	-354,0039	-80,5664	155,6396	-86,1383	47,6917	-63,9240	35,41	1372	6044	620	101626	-25,02
0x50	 14:49:49.964	-5,4590	-9,9268	1,2891	13,4277	1,2207	-184,9365	-86,5063	46,5216	-61,2708	35,44	1363	5875	875	101626	-25,02
0x50	 14:49:50.073	-6,8799	-9,1064	-0,1270	274,0479	253,2959	-619,5068	-86,3910	41,7261	-62,1991	35,44	1013	5705	965	101625	-24,94
0x50	 14:49:50.167	-5,3076	-7,2119	-0,2734	556,6406	565,1855	-734,8633	-86,3855	33,6401	-68,6865	35,44	302	5528	831	101626	-25,02
0x50	 14:49:50.276	-8,5254	-8,2275	-1,9141	363,7695	289,3066	-260,6201	-83,8916	30,6848	-74,3225	35,44	-166	5372	511	101627	-25,11
0x50	 14:49:50.370	-4,7510	-5,2441	0,1318	199,5850	306,3965	-350,3418	-84,0289	28,1525	-79,2169	35,44	-456	5263	317	101627	-25,11
0x50	 14:49:50.464	-4,9658	-6,1475	-0,1855	-92,1631	44,5557	180,6641	-85,2594	28,5150	-82,0239	35,44	-589	5184	274	101627	-25,11
0x50	 14:49:50.573	-6,6797	-8,3936	-0,2148	-379,0283	-296,6309	424,8047	-86,7810	32,3822	-80,4034	35,44	-373	5152	480	101627	-25,11
0x50	 14:49:50.667	-7,0508	-9,6191	0,2539	-543,2129	-485,2295	508,4229	-88,7640	37,0734	-75,5035	35,43	38	5090	832	101627	-25,11
0x50	 14:49:50.776	-4,9463	-7,5244	1,4111	-100,7080	-411,9873	259,3994	-88,6981	41,2262	-68,8403	35,42	519	4985	1249	101627	-25,11
0x50	 14:49:50.870	-6,5234	-7,4707	-0,5615	-97,6563	-501,0986	178,8330	-84,2926	42,1051	-62,4518	35,44	841	4941	1310	101626	-25,02
0x50	 14:49:50.964	-5,7275	-7,2607	1,0010	-273,4375	-484,6191	-175,1709	-82,3260	41,6547	-54,6790	35,37	1086	4868	1432	101626	-25,02
0x50	 14:49:51.073	-5,1563	-6,8018	1,3965	-170,8984	-461,4258	-146,4844	-80,3156	39,1937	-49,4055	35,44	1114	4844	1528	101627	-25,11
0x50	 14:49:51.167	-4,8096	-7,5830	2,2217	-81,1768	-340,5762	-222,7783	-78,5577	36,5955	-43,6157	35,41	1140	4821	1582	101627	-25,11
0x50	 14:49:51.276	-4,9365	-7,7588	1,4844	-8,5449	-155,6396	-224,6094	-77,2833	33,5852	-40,6934	35,43	1087	4831	1591	101627	-25,11
0x50	 14:49:51.370	-6,5820	-7,8076	1,7188	-40,8936	-108,0322	-262,4512	-76,9812	31,9592	-38,7213	35,39	1079	4843	1615	101627	-25,11
0x50	 14:49:51.464	-7,8076	-8,0420	0,9326	337,5244	5,4932	-268,5547	-75,6464	29,2566	-39,5123	35,39	942	4906	1502	101627	-25,11
0x50	 14:49:51.573	-6,0205	-6,8066	1,0547	147,7051	15,8691	-218,5059	-74,4763	27,3999	-40,5945	35,45	779	4973	1320	101627	-25,11
0x50	 14:49:51.667	-5,5713	-6,5430	0,5469	33,5693	-65,9180	21,9727	-74,0039	27,1692	-41,4349	35,41	708	5020	1201	101626	-25,02
0x50	 14:49:51.776	-5,5420	-6,9141	0,5762	-76,9043	-142,8223	129,3945	-73,8171	28,5535	-40,7977	35,41	767	5034	1154	101627	-25,11
0x50	 14:49:51.870	-5,5811	-7,3438	1,7090	-489,5020	-126,3428	199,5850	-75,3442	30,3223	-39,3585	35,44	903	4977	1276	101627	-25,11
0x50	 14:49:51.963	-4,5313	-8,3594	3,7305	-234,9854	307,6172	286,2549	-79,9475	33,0469	-39,5288	35,42	1094	4835	1621	101627	-25,11
0x50	 14:49:52.073	-6,2256	-7,0605	1,9824	418,7012	909,4238	374,7559	-82,0624	37,6337	-46,3568	35,42	1222	4772	1698	101627	-25,11
0x50	 14:49:52.167	-6,1865	-6,3721	0,1807	579,2236	978,3936	487,6709	-84,0784	42,9126	-57,0300	35,46	1327	4784	1514	101626	-25,02
0x50	 14:49:52.276	-8,4961	-4,8975	-1,6895	603,6377	416,2598	487,6709	-83,6554	48,8232	-65,7751	35,42	1558	4789	1125	101626	-25,02
0x50	 14:49:52.370	-8,8623	-4,0381	-0,3467	-536,4990	-360,1074	364,9902	-83,5345	53,1519	-64,5337	35,43	1853	4672	1006	101626	-25,02
0x50	 14:49:52.463	-9,5801	-5,3320	0,8936	-794,6777	-507,2021	238,0371	-84,2651	56,3269	-56,2335	35,44	2122	4457	1345	101626	-25,02
0x50	 14:49:52.573	-11,3330	-5,5322	0,6348	-364,9902	-558,4717	491,9434	-80,0684	59,2438	-45,4010	35,42	2393	4239	1550	101626	-25,02
0x50	 14:49:52.667	-10,0244	-6,0596	2,3926	-245,9717	-20,1416	838,6230	-77,1790	65,4071	-36,2329	35,41	2813	3914	1732	101626	-25,02
0x50	 14:49:52.776	-7,2510	-4,3115	1,0840	480,3467	217,8955	535,2783	-75,1520	72,2955	-35,7166	35,44	3244	3603	1713	101626	-25,02
0x50	 14:49:52.870	-7,9932	-3,4766	1,1914	190,4297	64,6973	211,1816	-71,0431	75,5475	-35,7880	35,43	3466	3529	1525	101627	-25,11
0x50	 14:49:52.979	-8,5059	-4,3652	2,0947	46,3867	-25,6348	-231,3232	-69,7467	74,5148	-33,3435	35,44	3523	3538	1419	101627	-25,11
0x50	 14:49:53.073	-10,9619	-3,0859	1,3525	176,3916	-17,0898	-556,0303	-73,4711	69,4611	-38,5181	35,43	3228	3789	1337	101627	-25,11
0x50	 14:49:53.182	-10,2881	-4,2822	0,7959	296,0205	150,7568	-617,6758	-76,0693	64,1547	-43,7805	35,41	2792	4120	1203	101627	-25,11
0x50	 14:49:53.276	-9,9219	-3,9502	-0,1465	525,5127	236,2061	-245,3613	-77,4097	60,9412	-51,4764	35,41	2405	4430	944	101627	-25,11
0x50	 14:49:53.385	-7,4805	-4,1211	-0,4102	-23,1934	250,8545	-114,1357	-80,9033	59,7327	-57,4365	35,44	2158	4621	800	101627	-25,11
0x50	 14:49:53.463	-8,1348	-4,6484	-0,5078	208,1299	269,7754	5,4932	-84,4080	60,1007	-64,2975	35,40	2060	4722	685	101627	-25,11
0x50	 14:49:53.588	-8,8379	-4,8633	-0,1172	-51,2695	150,7568	-50,6592	-87,7039	60,0238	-69,6753	35,41	1993	4808	568	101627	-25,11
0x50	 14:49:53.666	-8,7988	-5,6201	0,7275	63,4766	145,2637	-87,2803	-90,6866	59,3921	-73,1030	35,41	1904	4910	530	101627	-25,11
0x50	 14:49:53.791	-9,6436	-6,7188	0,9668	439,4531	113,5254	-59,8145	-90,1758	58,3209	-75,8661	35,43	1820	5042	326	101627	-25,11
0x50	 14:49:53.869	-8,7988	-6,1621	1,9580	658,5693	97,6563	-160,5225	-85,8142	56,9971	-77,3877	35,41	1739	5157	-142	101627	-25,11
0x50	 14:49:53.963	-9,2529	-4,4775	2,5732	234,9854	-123,9014	-53,1006	-79,5135	56,7389	-77,1625	35,44	1760	5200	-718	101628	-25,19
0x50	 14:49:54.072	-7,9443	-4,9121	1,9531	640,2588	-184,9365	-14,6484	-74,1962	55,8765	-75,4926	35,43	1793	5227	-1126	101628	-25,19
0x50	 14:49:54.166	-6,7480	-6,0596	2,2803	-337,5244	-342,4072	61,0352	-69,7083	54,6460	-71,3892	35,41	1800	5265	-1410	101627	-25,11
